distortion_model: "non-fisheye"
width: 3840
height: 2160
D: [0.103745,-0.144753,0.000649584,0.0011963]
K: [2284.36,0.0,1962.26,0.0,2281.42,1136.83,0.0,0.0,1]
